1001
2002
3003
4004
5005
6006
7007
8008
9009
10010
11011
12012
13013
14014
15015
16016
17017
18018
19019
20020
21021
22022
23023
24024
25025
26026
27027
28028
29029
30030
31031
32032
33033
34034
35035
36036
37037
38038
39039
40040
41041
42042
43043
44044
45045
46046
47047
48048
49049
50050
51051
52052
53053
54054
55055
56056
57057
58058
59059
60060
61061
62062
63063
64064
65065
66066
67067
68068
69069
70070
71071
72072
73073
74074
75075
76076
77077
78078
79079
80080
81081
82082
83083
84084
85085
86086
87087
88088
89089
90090
91091
92092
93093
94094
95095
96096
97097
98098
99099
100100
101101
102102
103103
104104
105105
106106
107107
108108
109109
110110
111111
112112
113113
114114
115115
116116
117117
118118
119119
120120
121121
122122
123123
124124
125125
126126
127127
128128
129129
130130
131131
132132
133133
134134
135135
136136
137137
138138
139139
140140
141141
142142
143143
144144
145145
146146
147147
148148
149149
150150
151151
152152
153153
154154
155155
156156
157157
158158
159159
160160
161161
162162
163163
164164
165165
166166
167167
168168
169169
170170
171171
172172
173173
174174
175175
176176
177177
178178
179179
180180
181181
182182
183183
184184
185185
186186
187187
188188
189189
190190
191191
192192
193193
194194
195195
196196
197197
198198
199199
200200
201201
202202
203203
204204
205205
206206
207207
208208
209209
210210
211211
212212
213213
214214
215215
216216
217217
218218
219219
220220
221221
222222
223223
224224
225225
226226
227227
228228
229229
230230
231231
232232
233233
234234
235235
236236
237237
238238
239239
240240
241241
242242
243243
244244
245245
246246
247247
248248
249249
250250
251251
252252
253253
254254
255255
256256
257257
258258
259259
260260
261261
262262
263263
264264
265265
266266
267267
268268
269269
270270
271271
272272
273273
274274
275275
276276
277277
278278
279279
280280
281281
282282
283283
284284
285285
286286
287287
288288
289289
290290
291291
292292
293293
294294
295295
296296
297297
298298
299299
300300
301301
302302
303303
304304
305305
306306
307307
308308
309309
310310
311311
312312
313313
314314
315315
316316
317317
318318
319319
320320
321321
322322
323323
324324
325325
326326
327327
328328
329329
330330
331331
332332
333333
334334
335335
336336
337337
338338
339339
340340
341341
342342
343343
344344
345345
346346
347347
348348
349349
350350
351351
352352
353353
354354
355355
356356
357357
358358
359359
360360
361361
362362
363363
364364
365365
366366
367367
368368
369369
370370
371371
372372
373373
374374
375375
376376
377377
378378
379379
380380
381381
382382
383383
384384
385385
386386
387387
388388
389389
390390
391391
392392
393393
394394
395395
396396
397397
398398
399399
400400
401401
402402
403403
404404
405405
406406
407407
408408
409409
410410
411411
412412
413413
414414
415415
416416
417417
418418
419419
420420
421421
422422
423423
424424
425425
426426
427427
428428
429429
430430
431431
432432
433433
434434
435435
436436
437437
438438
439439
440440
441441
442442
443443
444444
445445
446446
447447
448448
449449
450450
451451
452452
453453
454454
455455
456456
457457
458458
459459
460460
461461
462462
463463
464464
465465
466466
467467
468468
469469
470470
471471
472472
473473
474474
475475
476476
477477
478478
479479
480480
481481
482482
483483
484484
485485
486486
487487
488488
489489
490490
491491
492492
493493
494494
495495
496496
497497
498498
499499
500500
